	ALA	ARG	ASN	ASP	CYS	GLN	GLU	GLY	HIS	ILE	LEU	LYS	MET	PHE	PRO	SER	THR	TRP	TYR	VAL
ALA	21	8	8	1	3	8	5	7	2	12	30	0	6	16	4	8	7	1	8	15
ARG	3	22	4	13	0	10	15	5	10	11	15	2	5	9	5	11	2	5	20	13
ASN	3	4	14	2	2	4	4	3	2	9	12	2	2	11	3	4	5	3	7	5
ASP	1	13	4	7	0	10	1	4	3	4	8	16	1	3	1	7	6	1	6	2
CYS	1	0	1	0	8	0	0	1	4	3	1	0	0	4	0	0	0	0	3	1
GLN	6	7	3	2	1	10	6	2	0	5	12	3	2	4	2	11	6	7	4	3
GLU	7	19	7	3	0	4	4	7	10	8	9	7	3	1	8	9	4	10	4	5
GLY	9	8	1	2	2	8	12	18	1	5	28	7	8	23	8	4	0	8	15	10
HIS	2	6	1	3	3	1	7	1	1	2	4	1	0	4	0	2	1	0	3	3
ILE	10	8	7	5	5	7	5	8	5	58	50	1	5	30	9	5	11	5	17	29
LEU	29	17	4	11	3	10	8	26	2	44	111	7	17	46	6	7	27	10	30	39
LYS	1	7	2	10	1	8	11	1	2	3	11	4	1	6	5	7	4	3	9	2
MET	3	2	3	2	0	3	5	2	1	8	14	1	12	12	2	3	4	2	5	2
PHE	10	18	8	6	5	7	7	21	3	24	63	13	6	64	8	10	11	18	12	30
PRO	2	3	4	3	0	2	6	8	0	11	9	6	0	4	6	3	4	1	7	7
SER	8	11	6	3	0	12	9	5	1	3	14	5	3	10	5	4	10	3	9	7
THR	2	8	3	6	1	4	6	5	1	13	23	2	2	5	3	5	35	2	8	11
TRP	1	4	2	2	0	8	8	0	1	3	7	3	3	8	0	2	2	3	2	2
TYR	4	14	7	4	3	4	13	16	4	12	32	8	4	20	10	11	10	5	28	11
VAL	11	9	5	8	0	4	6	10	3	23	36	3	4	34	3	7	11	5	16	25